off
28 03 01 00 00 00 00 00 01
28 03 02 00 00 00 00 00 01

fixed
28 03 01 00 00 02 00 00 01 00 ff ff ff
28 03 02 00 00 02 00 00 01 00 ff ff ff

fading
28 03 01 00 01 02 00 00 02 00 00 35 17 26 ff 08
28 03 02 00 01 02 00 00 02 00 00 35 17 26 ff 08

spectrum-wave
28 03 01 00 02 02 00 00 01 00 00 00 00
28 03 02 00 02 02 00 00 01 00 00 00 00

backwards-spectrum-wave
28 03 01 00 02 02 00 01 01 00 00 00 00
28 03 02 00 02 02 00 01 01 00 00 00 00

marquee
28 03 01 00 03 02 00 00 00 00 ff ff ff
28 03 02 00 03 02 00 00 00 00 ff ff ff

backwards-marquee
28 03 01 00 03 02 00 01 00 00 ff ff ff
28 03 02 00 03 02 00 01 00 00 ff ff ff

covering-marquee
28 03 01 00 04 02 00 00 01 00 ff ff ff
28 03 02 00 04 02 00 00 01 00 ff ff ff

covering-backwards-marquee
28 03 01 00 04 02 00 01 01 00 ff ff ff
28 03 02 00 04 02 00 01 01 00 ff ff ff

alternating
28 03 01 00 05 02 00 00 02 00 ff ff ff 00 00 00
28 03 02 00 05 02 00 00 02 00 ff ff ff 00 00 00

moving-alternating
28 03 01 00 05 02 01 00 02 00 ff ff ff 00 00 00
28 03 02 00 05 02 01 00 02 00 ff ff ff 00 00 00

backwards-moving-alternating
28 03 01 00 05 02 01 01 02 00 ff ff ff 00 00 00
28 03 02 00 05 02 01 01 02 00 ff ff ff 00 00 00

pulse
28 03 01 00 06 02 00 00 01 00 ff ff ff
28 03 02 00 06 02 00 00 01 00 ff ff ff

breathing
28 03 01 00 07 02 00 00 01 00 ff ff ff
28 03 02 00 07 02 00 00 01 00 ff ff ff

super-breathing	
22 10 01 00 ff ff ff
22 11 01
22 a0 01 00 03 19 00 00 00 00 64 00 32 00 00 01
22 10 02 00 ff ff ff
22 11 02
22 a0 02 00 03 19 00 00 00 00 64 00 32 00 00 01

candle
28 03 01 00 08 02 00 00 01 00 ff ff ff
28 03 02 00 08 02 00 00 01 00 ff ff ff

starry-night
28 03 01 00 09 02 00 00 01 00 ff ff ff
28 03 02 00 09 02 00 00 01 00 ff ff ff

rainbow-flow
28 03 01 00 0b 02 00 00 01 00 00 00 00
28 03 02 00 0b 02 00 00 01 00 00 00 00

backwards-rainbow-flow	
28 03 01 00 0b 02 00 01 01 00 00 00 00
28 03 02 00 0b 02 00 01 01 00 00 00 00

super-rainbow
28 03 01 00 0c 02 00 00 01 00 00 00 00
28 03 02 00 0c 02 00 00 01 00 00 00 00

backwards-super-rainbow
28 03 01 00 0c 02 00 01 01 00 00 00 00
28 03 02 00 0c 02 00 01 01 00 00 00 00

rainbow-pulse
28 03 01 00 0d 02 00 00 01 00 00 00 00
28 03 02 00 0d 02 00 00 01 00 00 00 00

backwards-rainbow-pulse
28 03 01 00 0d 02 00 01 01 00 00 00 00
28 03 02 00 0d 02 00 01 01 00 00 00 00
